1 2 3 8 0 4 5 6 7
2 1 3 4 5 6 8 7 0 - 22
4 5 6 7 8 0 2 1 3 - 21
1 2 4 3 5 6 8 0 7 --23
4 0 7 1 2 3 5 6 8 --23
2 1 3 8 0 4 7 6 5
1 2 3 4 0 5 6 7 8
7 8 5 4 6 2 3 1 0 --- 28 


1 2 3 4 5 6 0 8 9 10 7 11 13 14 15 12 --3moves
5 1 7 3 9 2 11 4 13 6 15 8 0 10 14 12 --15moves
2 3 4 0 1 5 7 8 9 6 10 12 13 14 11 15 ---7-- 9moves
5 2 4 8 10 0 3 14 13 6 11 12 1 15 9 7 ---2--notSol
11 4 12 2 5 10 3 15 14 1 6 7 0 9 8 13 ---4--notSol
5 8 7 11 1 6 12 2 9 0 13 10 14 3 4 15 ---5--notSol
1 2 7 3 5 6 0 4 9 10 11 8 13 14 15 12 ---6--5moves
#i

